"A"||"H"||1||0|||13|||13||0|0|0|0|0|0|100|100|100|98|99|100|95|97.5|100|90|95|100||17.1|||1.5|||2.1|||2.9|||5.3|||5.3|||27.9||||||||35|55|75||||1|2|3||||1.45|1.5|1.55|||||1.87|||0|0.21|0.42|0.15|0.18|0.2|||||37.4|||32.4|||40||6|7.5|8.9|50|71|92|25|43.5|62|25|48|74|".24"|".24"||0|||0||0|0|0|0|0|0|26.8|40.5|53.6||||22|37|54|5.6|6.7|7.8|||||||||||||||||||||||||||||||||"16451242"|"47852534"
"Bg"||"H"||2||13|||66|||53||0|0|0|0|0|0|100|100|100|98|99|100|95|97.5|100|90|95|100||17.1|||1.5|||2.1|||2.9|||5.3|||5.3|||27.9||||||||35|55|75||||0|0.25|0.5||||1.45|1.5|1.55|||||1.87|||0|0.21|0.42|0.15|0.18|0.2|||||37.4|||30.4|||41||6|7.5|8.9|50|71|92|25|43.5|62|25|48|74|".24"|".24"||0|||0||0|0|0|0|0|0|23.5|37.8|50.5||||19|35|51|5.6|6.7|7.8|||||||||||||||||||||||||||||||||"16451242"|"47852535"
"2C"|2|"H"||3||66|||165|||99||0|0|0|0|0|0|100|100|100|95|97.5|100|65|82.5|100|51|75.5|100||41.6|||3.9|||5.4|||7.3|||13|||12|||37.4||||||||10|21|32||||0|0.25|0.5||||1.4|1.45|1.5|||||1.52|||0.42|7.27|14.11|0.1|0.16|0.22|||||27.5|||12.3|||42||0|1.5|2.9|15|27.5|40|0|10|20|0|5|21|".37"|".37"||0|||0||0|0|0|0|0|0|8|16.5|24.3||||7|16|24|5.6|7|8.4|||||||||||||||||||||||||||||||||"16451242"|"47852536"
"A"||"H"||1||0|||10|||10||0|0|0|0|0|0|100|100|100|100|100|100|100|100|100|95|97.5|100||22.1|||3|||3.5|||4.1|||6.2|||5.3|||27.9||||||||40|50|60||||0.5|2.25|4||||1.2|1.35|1.5|||||1.7|||0|0.21|0.42|0.07|0.11|0.14|||||40|||29.1|||46||9|17|25|46|65.5|85|22|36|50|23|41|61|".24"|".24"||0|||0||0|0|0|0|0|0|20|30|40||||9|27|40|5.1|6.8|8.4|||||||||||||||||||||||||||||||||"16451243"|"47852531"
"Bssg"||"H"||2||10|||104|||94||0|0|0|0|0|0|100|100|100|100|100|100|100|100|100|95|97.5|100|0.5|1.8|3||0.2|||0.2|||0.3|||0.5|||0.6|||23.2||||||||60|75|90||||0|0.25|0.5||||1.2|1.35|1.5|||||1.88|||0|0.21|0.42|0.07|0.11|0.14|||||44|||40.2|||46||9|17|25|56|70.5|85|30|40|50|32|46|61|".17"|".17"|0|3|5||0||0|0|0|0|0|0|20|30|40||||9|27|40|5.6|7|8.4|||||||||||||||||||||||||||||||||"16451243"|"47852532"
"Bssyg"||"H"||3||104|||153|||49||0|0|0|0|0|0|100|100|100|100|100|100|100|100|100|95|97.5|100||16.2|||1.5|||2|||2.7|||5|||5|||26.3||||||||25|57.5|90||||0|0.25|0.5||||1.2|1.45|1.7|||||1.8|||0.42|0.92|1.41|0.12|0.17|0.22|||||39.1|||31.6|||43||6|7.5|8.9|32|58.5|85|11|30.5|50|10|35|61|".20"|".20"|0|3|5||0||0|0|0|0|0|0|5|22.5|40||||9|27|40|6.6|7.5|8.4|||||||||||||||||||||||||||||||||"16451243"|"47852533"
"Ap"||"A"||||0|||28||15|22|30|0|0|0|0|0|0|100|100|100|100|100|100|100|100|100|95|97.5|100|0.5|1.8|3||0.1|||0.1|||0.2|||0.6|||0.8|||53.2||||||||40|45|50||0||0.5|2.25|4||||1.35|1.5|1.65||||1.56|1.71|1.78||0.42|0.92|1.41|0.18|0.2|0.22||||27.6|33.6|35.9|22.6|27.6|32.4|34|40|45|3|4.5|5.9|40|57|66|28|32|36|29|35|43|".32"|".32"|0|0|0|0|0|0|0|0|0|0|0|0|10|17.5|25||||6|15|25|5.6|7|8.4|||||||||||||||||||||||||||||||||"16451271"|"47852369"
"Bg"||"B"||||107|||122||30|55|79|0|0|0|0|0|0|95|97.5|100|95|97.5|100|95|97.5|100|90|95|100||7.9|||0.2|||0.5|||0.9|||2.5|||3.8|||51.1||||||||27|41|55||||0|0.25|0.5||||1.2|1.43|1.65||||1.55|1.78|1.85||0.42|0.92|1.41|0.12|0.17|0.21||||20.6|30.5|35|15|22.3|30.4|35|43|52|6|7.5|8.9|38|52|65|19|30|40|17|31|46|".37"|".37"|0|3|5|0|0|0|0|0|0|0|0|0|15|27.5|40||||12|26|40|6.1|7.4|8.4|||||||||||||||||||||||||||||||||"16451271"|"47852370"
"Ab,Bgb"||"A"||||122|||203||0|12|25|0|0|0|0|0|0|95|97.5|100|95|97.5|100|90|95|100|60|75|90||17.3|||0.1|||0.4|||1.2|||5|||10.6|||48.7||||||||18|34|50||||0|0.25|0.5||||1.2|1.43|1.65||||1.4|1.63|1.7||0.42|0.92|1.41|0.12|0.17|0.21||||16.6|32.3|37|10|19.5|27.7|35|43|52|3|4.5|5.9|29|44|59|12|24|36|4|17|35|".43"|".43"|0|3|5|0|0|0|0|0|0|0|0|0|10|25|40||||9|24|40|6.1|7.4|8.4|||||||||||||||||||||||||||||||||"16451271"|"47852371"
"Bssg"||"B"||||28|||107||46|87|127|0|0|0|0|0|0|95|97.5|100|95|97.5|100|95|97.5|100|90|95|100|0.5|1.8|3||0.1|||0.1|||0.2|||0.6|||0.8|||50.7||||||||40|47.5|55||||0.5|0.75|1||||1.2|1.4|1.6||||1.73|2.06|2.06||0|0.21|0.42|0.12|0.17|0.21||||26.9|32.6|35.1|21.6|26.1|30.8|36|44|52|9|17|25|52|64|76|29|36|42|28|40|51|".32"|".32"|0|0|0|0|0|0|0|0|0|0|0|0|15|27.5|40||||11|25|40|5.6|7|8.4||||||||||0|4.1|9.9|||||||||||||||||||||"16451271"|"47852372"
"2Bg"|2|"B"|||76|76|||150|||||0|0|0|0|0|0|100|100|100|100|100|100|65|82.5|100|51|75.5|100||21.9|||1.8|||2.4|||2.2|||6.7|||8.8|||55.1||||||||10|23|32||||0|0.25|0.5||||1.4|1.45|1.5||||1.47|1.54|1.58||0.42|7.27|14.11|0.15|0.16|0.22||||12.6|27.5|32.5|5.7|13.6|19.2|41|42|45|0|1.5|2.9|20|30|41|6|14|55|0|8|23|".49"|".49"|0|0|0|0|0|0|0|0|0|0|0|0|8|17.9|24.3||||7|16|24|5.6|7|8.4|||||||||||||||||||||||||||||||||"16451272"|"47852373"
"Ap"||"A"|||0|0|||30|||||0|0|0|0|0|0|100|100|100|98|99|100|95|97.5|100|90|95|100||17.1|||1.5|||2.1|||2.9|||5.3|||5.3|||27.9||||||||35|55|75||||1|2|3||||1.45|1.5|1.55||||1.82|1.87|1.94||0|0.21|0.42|0.15|0.18|0.2||||24.3|37.4|40.5|22|32.4|36.4|38|40|42|6|7.5|8.9|47|67|87|25|40|55|24|44|66|".24"|".24"|0|0|0|0|0|0|0|0|0|0|0|0|26.8|40.5|53.6||||22|37|54|5.6|6.7|7.8|||||||||||||||||||||||||||||||||"16451272"|"47852374"
"Bssg"||"B"|||30|30|||76|||||0|0|0|0|0|0|100|100|100|98|99|100|95|97.5|100|90|95|100||17.1|||1.5|||2.1|||2.9|||5.3|||5.3|||27.9||||||||35|55|75||||0|0.25|0.5||||1.45|1.5|1.55||||1.82|1.87|1.94||0|0.21|0.42|0.15|0.18|0.2||||23.8|37.4|40.5|20.8|30.4|36.4|39|41|43|6|7.5|8.9|45|63|81|25|40|55|23|42|64|".24"|".24"|0|0|0|0|0|0|0|0|0|0|0|0|23.5|37.8|50.5||||19|35|51|5.6|6.7|7.8|||||||||||||||||||||||||||||||||"16451272"|"47852375"
"3Cg"|3|"C"|||150|150|||216|||||0|0|0|0|0|0|100|100|100|95|97.5|100|65|82.5|100|51|75.5|100||41.6|||3.9|||5.4|||7.3|||13|||12|||37.4||||||||10|21|32||||0|0.25|0.5||||1.4|1.45|1.5||||1.47|1.52|1.58||0.42|7.27|14.11|0.1|0.16|0.22||||12.6|27.5|32.5|5.6|12.3|19.2|40|42|45|0|1.5|2.9|20|30|41|6|14|55|0|8|23|".37"|".37"|0|0|0|0|0|0|0|0|0|0|0|0|8|16.5|24.3||||7|16|24|5.6|7|8.4|||||||||||||||||||||||||||||||||"16451272"|"47852376"
"Ap"||"A"||||0|||33|||||0|0|0|0|0|0|100|100|100|100|100|100|95|97.5|100|85|92.5|100||21.4|||0.1|||0.4|||1.3|||5.9|||13.7|||69.6||||||||0|9|18||||0.5|1.75|3||||1.3|1.48|1.65|||||1.55|||4.23|9.17|14.11|0.18|0.21|0.23|||||23.6|||7.8|||41||0|1.5|2.9|0|24|35|0|5|12|0|3|13|".55"|".55"|0|3|5|0|0|0|0|0|0||||8|14|20|||||||5.6|7.3|9|||||||||||||||||||||||||||||||||"16451273"|"47852377"
"C"||"C"||||33|||152|||||0|0|0|0|0|0|100|100|100|100|100|100|95|97.5|100|75|87.5|100||21.4|||0.1|||0.4|||1.3|||5.9|||13.7|||69.6||||||||0|9|18||||0.5|0.75|1||||1.3|1.48|1.65|||||1.55|||4.23|9.17|14.11|0.2|0.22|0.23|||||22|||6.4|||42||0|1.5|2.9|0|22|31|0|5|12|0|2|11|".64"|".64"|0|3|5|0|0|0|0|0|0||||5|13.5|22|||||||5.6|7.3|9|||||||||||||||||||||||||||||||||"16451273"|"47852378"
"Ap"||"A"|||0|0|0|10|58|58||58||0|0|0|0|0|0|100|100|100|100|100|100|98|100|100|92|95|99|7|7.7|8.3|0|0.1|0.2|0|0.2|0.2|0.2|0.4|1.6|0.5|0.7|2.3|4.5|6.3|7.1|63.6|70.2|72.6|23.8|33|37|35.6|37.2|39.8|19.2|22.1|29.2|0|0|0|0.5|2.25|4||||1.27|1.38|1.53||||1.33|1.44|1.59||4.23|9.17|14.11|0.21|0.22|0.23||||22.3|29.8|33.5|11.2|15|21|39|44|48|0|1.5|2.9|29|36|47|12|15|20|9|13|23|".37"|".37"|0|0|0|0|0|0|0|0|0|0|1|2|15.6|18.7|24.6||||3|9|15|5.1|5.7|7.8|5.1|5.8|7.8|||||||0.2|12.9|19.6|||||||||||||||||||||"16451274"|"47852379"
"Bg"||"B"|||10|58|109|30|170|170||112||0|0|0|0|0|0|100|100|100|100|100|100|88|98|100|75|91|100|1.4|12|29.5|0|0.6|0.6|0|1|2|0.2|1.6|1.6|0.4|3.8|3.8|0.8|5|27.4|25.9|58.3|67.1|4.5|22.2|34.8|21.4|36.1|47.5|19|29.7|48.1|0|0|0|0.5|0.75|1||||1.28|1.38|1.47||||1.47|1.57|1.6||1.41|2.82|4.23|0.2|0.21|0.22||||20.1|31.3|36.6|11.1|17.3|27|42|45|49|3|4.5|5|31|41|58|13|21|35|8|18|38|".43"|".43"|0|2|3|0|0|0|0|0|0|0|0|0|15.4|23.4|36.6||||9|19|30|7.4|8|8.4|7|7.5|7.8|||||||0|3.1|12.8|||||||||||||||||||||"16451274"|"47852380"
"BCg"||"BC"|||56|170|188|81|203|203||33||0|0|0|0|0|0|100|100|100|100|100|100|92|100|100|86|98|100|2.1|2.3|34.9|0|0.1|1|0|0.2|0.2|0.2|0.3|0.4|0.3|0.7|1|0.8|1|24.2|40.4|67.1|77|19.6|26.1|32.6|20.8|41|47.6|19.6|30.6|34.6|0|0|0|0.5|0.75|1||||1.35|1.37|1.39||||1.41|1.43|1.49||1.41|7.76|14.11|0.2|0.22|0.23||||20.3|31.5|33|11.4|17.7|20.1|45|45|46|0|1.5|2.9|25|37|49|4|18|28|8|10|13|".43"|".43"|0|4|5|0|0|0|0|0|0|0|0|0|15.9|24.1|27.2||||9|25|40|7.9|8.3|8.4|7|7.5|7.8|||||||0|2|5.6|||||||||||||||||||||"16451274"|"47852381"
"Ap"||"A"||||0|||28||15|22|30|0|0|0|0|0|0|100|100|100|100|100|100|100|100|100|95|97.5|100|0.5|1.8|3||0.1|||0.1|||0.2|||0.6|||0.8|||53.2||||||||40|45|50||0||0.5|2.25|4||||1.35|1.5|1.65||||1.56|1.71|1.78||0.42|0.92|1.41|0.18|0.2|0.22||||27.6|33.6|35.9|22.6|27.6|32.4|34|40|45|3|4.5|5.9|40|57|66|28|32|36|29|35|43|".32"|".32"|0|0|0|0|0|0|0|0|0|0|0|0|10|17.5|25||||6|15|25|5.6|7|8.4|||||||||||||||||||||||||||||||||"16451280"|"47852382"
"Bg"||"B"||||107|||122||30|55|79|0|0|0|0|0|0|95|97.5|100|95|97.5|100|95|97.5|100|90|95|100||7.9|||0.2|||0.5|||0.9|||2.5|||3.8|||51.1||||||||27|41|55||||0|0.25|0.5||||1.2|1.43|1.65||||1.55|1.78|1.85||0.42|0.92|1.41|0.12|0.17|0.21||||20.6|30.5|35|15|22.3|30.4|35|43|52|6|7.5|8.9|38|52|65|19|30|40|17|31|46|".37"|".37"|0|3|5|0|0|0|0|0|0|0|0|0|15|27.5|40||||12|26|40|6.1|7.4|8.4|||||||||||||||||||||||||||||||||"16451280"|"47852383"
"Ab,Bgb"||"A"||||122|||203||0|12|25|0|0|0|0|0|0|95|97.5|100|95|97.5|100|90|95|100|60|75|90||17.3|||0.1|||0.4|||1.2|||5|||10.6|||48.7||||||||18|34|50||||0|0.25|0.5||||1.2|1.43|1.65||||1.4|1.63|1.7||0.42|0.92|1.41|0.12|0.17|0.21||||16.6|32.3|37|10|19.5|27.7|35|43|52|3|4.5|5.9|29|44|59|12|24|36|4|17|35|".43"|".43"|0|3|5|0|0|0|0|0|0|0|0|0|10|25|40||||9|24|40|6.1|7.4|8.4|||||||||||||||||||||||||||||||||"16451280"|"47852384"
"Bssg"||"B"||||28|||107||46|87|127|0|0|0|0|0|0|95|97.5|100|95|97.5|100|95|97.5|100|90|95|100|0.5|1.8|3||0.1|||0.1|||0.2|||0.6|||0.8|||50.7||||||||40|47.5|55||||0.5|0.75|1||||1.2|1.4|1.6||||1.73|2.06|2.06||0|0.21|0.42|0.12|0.17|0.21||||26.9|32.6|35.1|21.6|26.1|30.8|36|44|52|9|17|25|52|64|76|29|36|42|28|40|51|".32"|".32"|0|0|0|0|0|0|0|0|0|0|0|0|15|27.5|40||||11|25|40|5.6|7|8.4||||||||||0|4.1|9.9|||||||||||||||||||||"16451280"|"47852385"
"Ap"||"A"|||0|0|0|10|20|50||20||0|0|0|0|0|0|100|100|100|100|100|100|100|100|100|95|97.5|100|0|0.1|1|0|0|0|0|0|0|0|0|0|0|0|0|0|0.1|0.1|14|18|41|0|6.7|6.7|0|11.3|11.3|58|81.9|85|0|0|0|0.5|2.25|4||||1|1.07|1.4||||1.4|1.88|1.92||0|0.21|0.42|0.12|0.15|0.18||||36|51|55|25.1|32.7|33||46||11.8|18.2|21.3|69|101|104|43|70|70|47|81|84|".15"|".15"|0|0|0|0|0|0|0|0|0|0|0|0|40|50.6|60||||49.9|55.1|60|5.1|7.3|8.4||7.1||||||||0|5.1|14.3|||||||||||||||||||||"16451281"|"47852386"
"Bssg1"||"B"||1|12|20|40|50|100|140||80||0|0|0|0|0|0|100|100|100|100|100|100|100|100|100|95|97.5|100|0.1|0.3|1|0|0|0|0|0|0|0|0|0|0|0.1|0.1|0.1|0.2|0.2|9|15|18.8|3.8|5.3|7|7.6|9.7|11.8|80.2|84.7|90|0|0|0|0|0.25|0.5||||1|1.04|1.09||||1.79|1.82|1.85||0|0.21|0.42|0.07|0.11|0.14||||50.9|55.2|58.6|31.9|32.4|32.9||46||16.1|17.9|19.4|90|108|108|60|78|78|67|89|92|".15"|".15"|0|1|1|0|0|0|0|0|0|0|0|0|44|48.1|50.6||||53.1|53.3|53.4|5.1|7.4|8.4||7.3||||||||0|3.7|12.1|||||||||||||||||||||"16451281"|"47852387"
"Bssg2"||"B"||2|40|100|130|140|203|210||103||0|0|0|0|0|0|100|100|100|100|100|100|100|100|100|95|97.5|100|0.3|0.5|1|0|0|0|0|0|0|0|0.1|0.3|0.1|0.2|0.2|0.2|0.2|0.3|30|36|37.9|2|3.4|5.4|26.9|32.6|35.8|61.1|63.5|90|0|0|0|0|0.25|0.5||||0.99|1.08|1.15||||1.7|1.76|1.82||0.42|0.92|1.41|0.12|0.15|0.18||||46.4|50.5|59.8|27.1|27.5|28.4||44||12.2|12.9|17.1|71|74|100|45|47|67|49|53|80|".20"|".20"|0|1|5|0|0|0|0|0|0|0|0|0|39.7|41.2|42.8||||42.2|43.8|46|6.6|7.3|8.4||7.2||||||||0|3.6|6.3|||||||||||||||||||||"16451281"|"47852388"
"Ap"||"A"||||0|||13|||13||0|0|0|0|0|0|100|100|100|98|99|100|95|97.5|100|90|95|100||3|||0|||0|||0|||0.7|||2.3|||42||||||||35|55|75||||1|2|3||||1.45|1.5|1.55|||||1.87|||0|0.21|0.42|0.15|0.18|0.2|||||35.8|||32.4|||40||6|7.5|8.9|50|71|92|25|43.5|62|25|48|74|".28"|".28"||0|||0||0|0|0|0|0|0|26.8|40.5|53.6||||22|37|54|5.6|6.7|7.8|||||||||||||||||||||||||||||||||"16451286"|"47852396"
"Bssg1-2"||"B"||||13|||64|||51||0|0|0|0|0|0|100|100|100|98|99|100|95|97.5|100|90|95|100||17.1|||1.5|||2.1|||2.9|||5.3|||5.3|||27.9||||||||35|55|75||||0|0.25|0.5||||1.45|1.5|1.55|||||1.87|||0|0.21|0.42|0.15|0.18|0.2|||||37.4|||30.4|||41||6|7.5|8.9|50|71|92|25|43.5|62|25|48|74|".24"|".24"||0|||0||0|0|0|0|0|0|23.5|37.8|50.5||||19|35|51|5.6|6.7|7.8|||||||||||||||||||||||||||||||||"16451286"|"47852397"
"2BCg,2Cg1-3"|2|"C"||||64|||203|||139||0|0|0|0|0|0|100|100|100|95|97.5|100|65|82.5|100|51|75.5|100||41.6|||3.9|||5.4|||7.3|||13|||12|||37.4||||||||10|21|32||||0|0.25|0.5||||1.4|1.45|1.5|||||1.52|||0.42|7.27|14.11|0.1|0.16|0.22|||||27.5|||12.3|||42||0|1.5|2.9|15|27.5|40|0|10|20|0|5|21|".37"|".37"||0|||0||0|0|0|0|0|0|8|16.5|24.3||||7|16|24|5.6|7|8.4|||||||||||||||||||||||||||||||||"16451286"|"47852398"
"A"||"A"||||0|||18|||18||0|0|0|0|0|0|100|100|100|100|100|100|100|100|100|95|97.5|100||22.1|||3|||3.5|||4.1|||6.2|||5.3|||27.9||||||||40|50|60||||0.5|2.25|4||||1.2|1.35|1.5|||||1.7|||0|0.21|0.42|0.12|0.15|0.18|||||40|||29.1|||46||9|17|25|46|65.5|85|22|36|50|23|41|61|".24"|".24"||0|||0||0|0|0|0|0|0|20|30|40||||9|27|40|5.1|6.8|8.4|||||||||||||||||||||||||||||||||"16451351"|"47852598"
"Bssg1-4"||"B"||||18|||140|||122||0|0|0|0|0|0|100|100|100|100|100|100|100|100|100|95|97.5|100|0.5|1.8|3||0.2|||0.2|||0.3|||0.5|||0.6|||23.2||||||||60|75|90||||0|0.25|0.5||||1.2|1.35|1.5|||||1.88|||0|0.21|0.42|0.07|0.11|0.14|||||44|||40.2|||46||9|17|25|56|70.5|85|30|40|50|32|46|61|".17"|".17"|0|3|5||0||0|0|0|0|0|0|20|30|40||||9|27|40|5.1|6.8|8.4|||||||||||||||||||||||||||||||||"16451351"|"47852599"
"2BCg,2Cg"|2|"C"||||140|||203|||63||0|0|0|0|0|0|100|100|100|100|100|100|100|100|100|95|97.5|100||16.2|||1.5|||2|||2.7|||5|||5|||26.3||||||||25|57.5|90||||0|0.25|0.5||||1.2|1.43|1.65|||||1.78|||0.42|0.92|1.41|0.12|0.15|0.18|||||39.6|||31.5|||44||6|7.5|8.9|32|58.5|85|11|30.5|50|10|35|61|".20"|".20"|0|3|5||0||0|0|0|0|0|0|10|25|40||||9|27|40|6.6|7.5|8.4|||||||||||||||||||||||||||||||||"16451351"|"47852600"
"A"||"A"||||0|||15|||15||0|0|0|0|0|0|100|100|100|98|99|100|95|97.5|100|90|95|100||17.1|||1.5|||2.1|||2.9|||5.3|||5.3|||27.9||||||||35|55|75||||1|2|3||||1.45|1.5|1.55|||||1.87|||0|0.21|0.42|0.15|0.18|0.2|||||37.4|||32.4|||40||6|7.5|8.9|50|71|92|25|43.5|62|25|48|74|".24"|".24"||0|||0||0|0|0|0|0|0|26.8|40.5|53.6||||22|37|54|5.6|6.7|7.8|||||||||||||||||||||||||||||||||"16451352"|"47852595"
"Bssg1-2"||"C"||||15|||66|||51||0|0|0|0|0|0|100|100|100|98|99|100|95|97.5|100|90|95|100||17.1|||1.5|||2.1|||2.9|||5.3|||5.3|||27.9||||||||35|55|75||||0|0.25|0.5||||1.45|1.5|1.55|||||1.87|||0|0.21|0.42|0.15|0.18|0.2|||||37.4|||30.4|||41||6|7.5|8.9|50|71|92|25|43.5|62|25|48|74|".24"|".24"||0|||0||0|0|0|0|0|0|23.5|37.8|50.5||||19|35|51|5.6|6.7|7.8|||||||||||||||||||||||||||||||||"16451352"|"47852596"
"2Bg1-2,2BCg"|2|"BC"||||66|||203|||137||0|0|0|0|0|0|100|100|100|95|97.5|100|65|82.5|100|51|75.5|100||41.6|||3.9|||5.4|||7.3|||13|||12|||37.4||||||||10|21|32||||0|0.25|0.5||||1.4|1.45|1.5|||||1.52|||0.42|7.27|14.11|0.1|0.16|0.22|||||27.5|||12.3|||42||0|1.5|2.9|15|27.5|40|0|10|20|0|5|21|".37"|".37"||0|||0||0|0|0|0|0|0|8|16.5|24.3||||7|16|24|5.6|7|8.4|||||||||||||||||||||||||||||||||"16451352"|"47852597"
